%YAML:1.0
---
calibration_time: "Thu Jan  3 15:55:42 2019"
nframes: 10
image_width: 640
image_height: 480
board_width: 5
board_height: 5
square_size: 1.
flags: 0
camera_matrix: !!opencv-matrix
   rows: 3
   cols: 3
   dt: d
   data: [ 5.3866257534914894e+02, 0., 3.4272183635394094e+02, 0.,
       5.4279532278674469e+02, 2.6555090077965480e+02, 0., 0., 1. ]
distortion_coefficients: !!opencv-matrix
   rows: 5
   cols: 1
   dt: d
   data: [ 4.6891378314746684e-01, -2.2961164718862479e+00,
       3.4948045280765290e-02, 5.0146279056325601e-03,
       4.4767472066826590e+00 ]
avg_reprojection_error: 1.6855249583254366e+00
per_view_reprojection_errors: !!opencv-matrix
   rows: 10
   cols: 1
   dt: f
   data: [ 2.55682528e-01, 1.22852552e+00, 4.70706254e-01,
       5.10492945e+00, 4.74001408e-01, 4.73704547e-01, 2.33491227e-01,
       1.18752643e-01, 1.49779111e-01, 1.15327552e-01 ]
# a set of 6-tuples (rotation vector + translation vector) for each view
extrinsic_parameters: !!opencv-matrix
   rows: 10
   cols: 6
   dt: d
   data: [ 1.1236678979469295e-01, -1.7314231342579232e-02,
       -6.7684683130715588e-03, -2.8792758792063426e+00,
       -3.0346363460302062e+00, 1.5091808267041664e+01,
       1.2246085195628624e-01, -3.7699279131054683e-02,
       1.5335156950808226e+00, -1.0112080944892046e+00,
       -2.5346961204634928e+00, 1.6992813685990662e+01,
       7.0346313564613336e-02, -2.9561902111244757e-02,
       -1.0890458838137550e-01, -5.4268674155246091e+00,
       -4.5582220506960240e+00, 2.1228816099344876e+01,
       -7.8877508092929782e-01, -3.1778806582670110e-01,
       2.9603879912299211e+00, -1.9619447040259759e+00,
       6.1461947428455277e-01, 4.0007321367201207e+01,
       4.5968906745222395e-02, -1.1516460076749940e-01,
       1.4389112429885698e+00, -3.5354959394233982e+00,
       -1.0375297521494273e+01, 3.5116043879879385e+01,
       2.0608621597616161e-01, -3.0843494556160315e-02,
       -3.4884001132555964e-02, -3.1492596700733433e+00,
       -1.0356380647359437e+01, 2.3595612669100895e+01,
       -6.7866072957531653e-01, -3.1059246602362717e-01,
       2.9194017470051592e+00, -4.7419635106638971e+00,
       -3.2483605893450225e+00, 2.8252891843773810e+01,
       3.2304687172660412e-01, 6.5342490086928640e-01,
       1.5973271871496924e-02, 9.3487492857230077e+00,
       -7.4663485836515688e+00, 3.3873411180221098e+01,
       3.4679585308323840e-01, 4.3288466050479163e-01,
       -3.3540406270414400e-03, 4.5573264180668964e+00,
       -8.7068817079039693e+00, 2.6251034475624142e+01,
       1.9023578238142841e-01, -1.2342457667216708e-01,
       -1.6254149511141085e+00, -3.9973097549199692e+00,
       -6.7568326257633764e+00, 2.9380339090270940e+01 ]
